# Created by Octave 4.0.0, Wed Apr 18 11:38:44 2018 CEST <davide@davide-X556UV>
# name: array
# type: matrix
# rows: 2
# columns: 2
 1 2
 3 4


