# Created by Octave 4.0.0, Wed Apr 18 11:39:51 2018 CEST <davide@davide-X556UV>
# name: out
# type: uint8 matrix
# ndims: 2
 4 2
 0
 2
 4
 6
 0
 20
 69
 174


